1.179737853766095329e-01 6.601880274005388072e-02 9.809212118125361368e-02 8.915379519590105328e-02 8.651073382264622136e-02 1.240713255583797137e-01 1.016478014903390292e-01 9.513395775055417947e-02
6.601880274005388072e-02 9.337755164046745993e-02 7.383204825516792580e-02 9.146128023472981095e-02 7.425252944105634190e-02 9.825182810877326756e-02 6.997592627436644008e-02 7.535977570018781435e-02
9.809212118125361368e-02 7.383204825516792580e-02 1.190751101762551056e-01 1.097740009656126281e-01 8.711612377519195594e-02 1.199388545451278432e-01 1.153690244834604528e-01 7.690453095940040507e-02
8.915379519590105328e-02 9.146128023472981095e-02 1.097740009656126281e-01 1.600660814727064285e-01 1.153256576968497565e-01 1.397729584199585429e-01 1.156124554012712413e-01 9.218942944608843337e-02
8.651073382264622136e-02 7.425252944105634190e-02 8.711612377519195594e-02 1.153256576968497565e-01 1.008125590165626501e-01 1.189566910664581478e-01 9.128462617176029414e-02 9.638586535177719183e-02
1.240713255583797137e-01 9.825182810877326756e-02 1.199388545451278432e-01 1.397729584199585429e-01 1.189566910664581478e-01 1.618045328980813324e-01 1.268154600199699888e-01 1.204390074868803562e-01
1.016478014903390292e-01 6.997592627436644008e-02 1.153690244834604528e-01 1.156124554012712413e-01 9.128462617176029414e-02 1.268154600199699888e-01 1.325096376832978207e-01 8.848079759757616902e-02
9.513395775055417947e-02 7.535977570018781435e-02 7.690453095940040507e-02 9.218942944608843337e-02 9.638586535177719183e-02 1.204390074868803562e-01 8.848079759757616902e-02 1.143807417360195450e-01
