5.575891973761837317e-02 5.808693071387063117e-02 3.339716393516240639e-02 3.419351949610157509e-02 5.077107733356859415e-02 1.874380863165258163e-02 3.279231999319755231e-02 2.529831750693700698e-02 4.179981976149142048e-02 5.116518144055531847e-02 2.692375266319626398e-02 3.232876629848840250e-02 3.050008654269380226e-02 3.960490871758713671e-02 4.161019855947029056e-02 3.212581877554098603e-02
5.808693071387063117e-02 8.390840382468245373e-02 4.698466933447378868e-02 4.650600778075010544e-02 7.680883291984320904e-02 2.816377505457683117e-02 5.482076207429203984e-02 4.852869701289005272e-02 6.067911798513179328e-02 7.439955274986742584e-02 4.793053795198957967e-02 5.940383595111353721e-02 3.747123764383945843e-02 6.369361305361995185e-02 5.932556669503477598e-02 5.266048411784417932e-02
3.339716393516240639e-02 4.698466933447378868e-02 5.749632579995785781e-02 3.739807660477511425e-02 5.586192361704317433e-02 2.636220412670588556e-02 4.929565923535544208e-02 4.140180764782078887e-02 4.356336562452667316e-02 5.380469848458729193e-02 3.758087155673470875e-02 3.809844409769772705e-02 4.472304673645937506e-02 4.724889051105179982e-02 4.538163642332304626e-02 3.730386409963389049e-02
3.419351949610157509e-02 4.650600778075010544e-02 3.739807660477511425e-02 5.449795611589449557e-02 5.318188331227353960e-02 3.242314793231808323e-02 4.121912310666168977e-02 4.149182460645952503e-02 4.370555698259753763e-02 5.664153386677935748e-02 3.064972335231522585e-02 3.370558904480401574e-02 3.727710915111550477e-02 4.245216477786217107e-02 4.813271534909802085e-02 4.235466047150942409e-02
5.077107733356859415e-02 7.680883291984320904e-02 5.586192361704317433e-02 5.318188331227353960e-02 9.091355881052566590e-02 3.609084492820951312e-02 6.782222448954741689e-02 5.296035472332776689e-02 6.130432937073757027e-02 8.056427635892578210e-02 5.081479830346940368e-02 5.944983648590563413e-02 4.613386363835749598e-02 6.246758986995114282e-02 6.382803237249791428e-02 5.629955844820094119e-02
1.874380863165258163e-02 2.816377505457683117e-02 2.636220412670588556e-02 3.242314793231808323e-02 3.609084492820951312e-02 3.164138416776796081e-02 3.218738502651159045e-02 2.159233866683050659e-02 3.291956013114180624e-02 4.109411085897496374e-02 2.465015988375399147e-02 1.889917202150712822e-02 3.159927463629133570e-02 2.300816554987490312e-02 3.194059301375332116e-02 2.569250378549854316e-02
3.279231999319755231e-02 5.482076207429203984e-02 4.929565923535544208e-02 4.121912310666168977e-02 6.782222448954741689e-02 3.218738502651159045e-02 6.863740874633868227e-02 4.371736129658888165e-02 5.614257593711503153e-02 5.770477280365892553e-02 4.521171502729653957e-02 4.482840589335625875e-02 4.129170544883472432e-02 4.821617436007311075e-02 4.538234967936778663e-02 5.198505199304346430e-02
2.529831750693700698e-02 4.852869701289005272e-02 4.140180764782078887e-02 4.149182460645952503e-02 5.296035472332776689e-02 2.159233866683050659e-02 4.371736129658888165e-02 5.410212224285513433e-02 3.982346707899309807e-02 5.200369372324294137e-02 3.396862172493950172e-02 4.576788710255774717e-02 3.094966185010479542e-02 5.361726110399076678e-02 4.355722319883596760e-02 4.702346340635655403e-02
4.179981976149142048e-02 6.067911798513179328e-02 4.356336562452667316e-02 4.370555698259753763e-02 6.130432937073757027e-02 3.291956013114180624e-02 5.614257593711503153e-02 3.982346707899309807e-02 6.026850035587691390e-02 5.995743930142986844e-02 3.984513006885866127e-02 4.104558935223674015e-02 3.918962244345597368e-02 5.029871307443982420e-02 4.757104881480112013e-02 4.753563997617839959e-02
5.116518144055531847e-02 7.439955274986742584e-02 5.380469848458729193e-02 5.664153386677935748e-02 8.056427635892578210e-02 4.109411085897496374e-02 5.770477280365892553e-02 5.200369372324294137e-02 5.995743930142986844e-02 8.942273467543938870e-02 4.647729362215356069e-02 6.244368335848529683e-02 5.071103135698078884e-02 6.056497244902174504e-02 6.331902706722780660e-02 4.988631420048239562e-02
2.692375266319626398e-02 4.793053795198957967e-02 3.758087155673470875e-02 3.064972335231522585e-02 5.081479830346940368e-02 2.465015988375399147e-02 4.521171502729653957e-02 3.396862172493950172e-02 3.984513006885866127e-02 4.647729362215356069e-02 4.532194262518830785e-02 3.781441379220745053e-02 3.167802635695408930e-02 3.921364371565283502e-02 4.205741008607769005e-02 3.407999377050419110e-02
3.232876629848840250e-02 5.940383595111353721e-02 3.809844409769772705e-02 3.370558904480401574e-02 5.944983648590563413e-02 1.889917202150712822e-02 4.482840589335625875e-02 4.576788710255774717e-02 4.104558935223674015e-02 6.244368335848529683e-02 3.781441379220745053e-02 6.412028682351243736e-02 2.985752574089634015e-02 4.851693490796962077e-02 4.271693533516913999e-02 3.918136217684253103e-02
3.050008654269380226e-02 3.747123764383945843e-02 4.472304673645937506e-02 3.727710915111550477e-02 4.613386363835749598e-02 3.159927463629133570e-02 4.129170544883472432e-02 3.094966185010479542e-02 3.918962244345597368e-02 5.071103135698078884e-02 3.167802635695408930e-02 2.985752574089634015e-02 4.641069583141007454e-02 3.522746240526433009e-02 3.756535530179449384e-02 3.093389907661862892e-02
3.960490871758713671e-02 6.369361305361995185e-02 4.724889051105179982e-02 4.245216477786217107e-02 6.246758986995114282e-02 2.300816554987490312e-02 4.821617436007311075e-02 5.361726110399076678e-02 5.029871307443982420e-02 6.056497244902174504e-02 3.921364371565283502e-02 4.851693490796962077e-02 3.522746240526433009e-02 7.309006099658253708e-02 4.467042823048437972e-02 4.785500655718123719e-02
4.161019855947029056e-02 5.932556669503477598e-02 4.538163642332304626e-02 4.813271534909802085e-02 6.382803237249791428e-02 3.194059301375332116e-02 4.538234967936778663e-02 4.355722319883596760e-02 4.757104881480112013e-02 6.331902706722780660e-02 4.205741008607769005e-02 4.271693533516913999e-02 3.756535530179449384e-02 4.467042823048437972e-02 6.597596001375782837e-02 3.985862047585512352e-02
3.212581877554098603e-02 5.266048411784417932e-02 3.730386409963389049e-02 4.235466047150942409e-02 5.629955844820094119e-02 2.569250378549854316e-02 5.198505199304346430e-02 4.702346340635655403e-02 4.753563997617839959e-02 4.988631420048239562e-02 3.407999377050419110e-02 3.918136217684253103e-02 3.093389907661862892e-02 4.785500655718123719e-02 3.985862047585512352e-02 5.843373923259190944e-02
