1.102531241623684460e-01 9.265138327323023393e-02 6.994770545794465333e-02 6.651966234126611976e-02 9.932782827290871641e-02 1.102723657002982055e-01 8.332348791915157593e-02 1.208467735231068957e-01
9.265138327323023393e-02 1.533131642883910628e-01 9.671872772795817030e-02 8.799611969497876662e-02 1.113889527380921424e-01 1.345212032044287576e-01 8.683298167203722107e-02 1.283977243237061638e-01
6.994770545794465333e-02 9.671872772795817030e-02 8.902320763911718282e-02 5.944657533869732863e-02 9.143085721700912327e-02 1.069066385237130296e-01 6.439067282569259365e-02 1.068608079687263235e-01
6.651966234126611976e-02 8.799611969497876662e-02 5.944657533869732863e-02 6.781213229548056776e-02 7.296112275648292123e-02 9.935450967495511321e-02 5.348116947189818920e-02 8.068526570364349670e-02
9.932782827290871641e-02 1.113889527380921424e-01 9.143085721700912327e-02 7.296112275648292123e-02 1.408741328386677871e-01 1.351833980821444403e-01 1.106694527446746429e-01 1.248749805249733252e-01
1.102723657002982055e-01 1.345212032044287576e-01 1.069066385237130296e-01 9.935450967495511321e-02 1.351833980821444403e-01 1.752933313032304097e-01 9.975910814077358635e-02 1.463967105259432744e-01
8.332348791915157593e-02 8.683298167203722107e-02 6.439067282569259365e-02 5.348116947189818920e-02 1.106694527446746429e-01 9.975910814077358635e-02 9.468815011579623242e-02 1.035562387554055386e-01
1.208467735231068957e-01 1.283977243237061638e-01 1.068608079687263235e-01 8.068526570364349670e-02 1.248749805249733252e-01 1.463967105259432744e-01 1.035562387554055386e-01 1.687427573569482975e-01
