9.442056737707091307e-02 6.732883808887815680e-02 7.375787698344521415e-02 7.711200746808467843e-02 7.836320976738173072e-02 7.056272525760916292e-02 8.719026061280714390e-02 6.576118467391391109e-02
6.732883808887815680e-02 8.777493739044256449e-02 8.050569403805919733e-02 8.729326414833331327e-02 9.987464209776902857e-02 7.307798664528697419e-02 7.290142689030694456e-02 8.752404460745236148e-02
7.375787698344521415e-02 8.050569403805919733e-02 1.760492631371247674e-01 1.245874079833129838e-01 9.880163218631565769e-02 1.010890712378131884e-01 1.407702697237730172e-01 1.032714242383124953e-01
7.711200746808467843e-02 8.729326414833331327e-02 1.245874079833129838e-01 1.323273038942849034e-01 9.355005830473979433e-02 1.124762329061482213e-01 1.141835329776555441e-01 1.050693310491987997e-01
7.836320976738173072e-02 9.987464209776902857e-02 9.880163218631565769e-02 9.355005830473979433e-02 1.292592521678603834e-01 7.551803251004099438e-02 8.669652757354100181e-02 9.984125531301629719e-02
7.056272525760916292e-02 7.307798664528697419e-02 1.010890712378131884e-01 1.124762329061482213e-01 7.551803251004099438e-02 1.091300669793821981e-01 9.776094560515834198e-02 9.548851051125754885e-02
8.719026061280714390e-02 7.290142689030694456e-02 1.407702697237730172e-01 1.141835329776555441e-01 8.669652757354100181e-02 9.776094560515834198e-02 1.390011396702865443e-01 8.310967314136234740e-02
6.576118467391391109e-02 8.752404460745236148e-02 1.032714242383124953e-01 1.050693310491987997e-01 9.984125531301629719e-02 9.548851051125754885e-02 8.310967314136234740e-02 1.320374693835478508e-01
