1.730337124764128320e-01 6.807110861317432204e-02 9.955102089044065572e-02 1.123748087019105502e-01 1.130819853992586221e-01 1.183256423226206749e-01 5.791912722715921585e-02 1.594840657373520765e-01
6.807110861317432204e-02 8.656078509618224393e-02 9.900447716418862842e-02 9.758663023772673473e-02 5.530547306508614563e-02 7.903653757666126434e-02 5.677235053233438411e-02 9.252839463243488216e-02
9.955102089044065572e-02 9.900447716418862842e-02 1.279346899989945163e-01 1.122566544844689901e-01 6.938893916509761284e-02 9.235871918144251957e-02 5.741199308659073602e-02 1.168578000901230596e-01
1.123748087019105502e-01 9.758663023772673473e-02 1.122566544844689901e-01 1.432772732841896823e-01 9.344482555243426025e-02 1.186309814002828728e-01 9.166515960129485718e-02 1.344656169577146954e-01
1.130819853992586221e-01 5.530547306508614563e-02 6.938893916509761284e-02 9.344482555243426025e-02 9.614757226068243456e-02 9.344155774612691867e-02 5.933680808180154947e-02 1.303332388205424852e-01
1.183256423226206749e-01 7.903653757666126434e-02 9.235871918144251957e-02 1.186309814002828728e-01 9.344155774612691867e-02 1.168232360410540877e-01 6.987734133615496057e-02 1.305325667483045182e-01
5.791912722715921585e-02 5.677235053233438411e-02 5.741199308659073602e-02 9.166515960129485718e-02 5.933680808180154947e-02 6.987734133615496057e-02 6.891251563396970370e-02 8.176832059242042372e-02
1.594840657373520765e-01 9.252839463243488216e-02 1.168578000901230596e-01 1.344656169577146954e-01 1.303332388205424852e-01 1.305325667483045182e-01 8.176832059242042372e-02 1.873102152085146244e-01
