1.218043315055205300e-01 1.112925049245693937e-01 7.157413129566046750e-02 5.860952260333628788e-02 1.019996647157310615e-01 1.044531484328615756e-01 1.212283941031360862e-01 1.010032213528662265e-01
1.112925049245693937e-01 1.492444723471154366e-01 7.729363292428879928e-02 8.196295288203886420e-02 1.334421916627318572e-01 1.254976491480153666e-01 1.271216297855639332e-01 1.266185888706921336e-01
7.157413129566046750e-02 7.729363292428879928e-02 7.920722425015656876e-02 4.622374889525000113e-02 6.284067211658304897e-02 4.630233960343512617e-02 9.477311468999831401e-02 1.057576503942334323e-01
5.860952260333628788e-02 8.196295288203886420e-02 4.622374889525000113e-02 6.191722770057369457e-02 7.109492691270201392e-02 6.794292680689988095e-02 7.267717123565592408e-02 8.092682072978851782e-02
1.019996647157310615e-01 1.334421916627318572e-01 6.284067211658304897e-02 7.109492691270201392e-02 1.440223348254815183e-01 1.091659181845637400e-01 1.254504005901162789e-01 1.087804202043162749e-01
1.044531484328615756e-01 1.254976491480153666e-01 4.630233960343512617e-02 6.794292680689988095e-02 1.091659181845637400e-01 1.393189920323591735e-01 9.792025931917917869e-02 8.480151030419280644e-02
1.212283941031360862e-01 1.271216297855639332e-01 9.477311468999831401e-02 7.267717123565592408e-02 1.254504005901162789e-01 9.792025931917917869e-02 1.473701919973218477e-01 1.385568804710460844e-01
1.010032213528662265e-01 1.266185888706921336e-01 1.057576503942334323e-01 8.092682072978851782e-02 1.087804202043162749e-01 8.480151030419280644e-02 1.385568804710460844e-01 1.571152253414711542e-01
